20160810 0.100000 2555.00 2606.00 2540.00 2563.00 3114 6858
20160812 0.100000 2548.00 2554.00 2532.00 2539.00 908 8184
20160812 0.100000 2548.00 2565.00 2461.00 2557.00 5706 6472
20160815 0.100000 2533.00 2546.00 2528.00 2541.00 492 6302
20160815 0.100000 2533.00 2574.00 2492.00 2560.00 3960 5384
20160816 0.100000 2560.00 2594.00 2558.00 2568.00 800 5124
20160816 0.000000 2560.00 2647.00 2558.00 2613.00 4208 5558
20160817 0.000000 2607.00 2626.00 2548.00 2553.00 2104 5266
20160818 0.000000 2550.00 2561.00 2531.00 2545.00 404 5190
20160819 0.000000 2607.00 2626.00 2578.00 2601.00 1244 5438
20160820 0.000000 2607.00 2626.00 2578.00 2601.00 1244 5438
20160821 0.000000 2607.00 2626.00 2578.00 2601.00 1244 5438
20160815 0.100000 2533.00 2574.00 2492.00 2560.00 3960 5384
20160816 0.100000 2560.00 2594.00 2558.00 2568.00 800 5124
20160816 0.000000 2560.00 2647.00 2558.00 2613.00 4208 5558
20160817 0.000000 2607.00 2626.00 2548.00 2553.00 2104 5266
20160818 0.000000 2550.00 2561.00 2531.00 2545.00 404 5190
20160819 0.000000 2607.00 2626.00 2578.00 2601.00 1244 5438
20160820 0.000000 2607.00 2626.00 2578.00 2601.00 1244 5438
20160821 0.000000 2607.00 2626.00 2578.00 2601.00 1244 5438
20160810 0.100000 2555.00 2606.00 2540.00 2563.00 3114 6858
20160812 0.100000 2548.00 2554.00 2532.00 2539.00 908 8184
20160812 0.100000 2548.00 2565.00 2461.00 2557.00 5706 6472
20160815 0.100000 2533.00 2546.00 2528.00 2541.00 492 6302
20160815 0.100000 2533.00 2574.00 2492.00 2560.00 3960 5384
20160816 0.100000 2560.00 2594.00 2558.00 2568.00 800 5124
20160816 0.000000 2560.00 2647.00 2558.00 2613.00 4208 5558
20160817 0.000000 2607.00 2626.00 2548.00 2553.00 2104 5266
20160818 0.000000 2550.00 2561.00 2531.00 2545.00 404 5190
20160819 0.000000 2607.00 2626.00 2578.00 2601.00 1244 5438
20160820 0.000000 2607.00 2626.00 2578.00 2601.00 1244 5438
20160821 0.000000 2607.00 2626.00 2578.00 2601.00 1244 5438
20160815 0.100000 2533.00 2574.00 2492.00 2560.00 3960 5384
20160816 0.100000 2560.00 2594.00 2558.00 2568.00 800 5124
20160816 0.000000 2560.00 2647.00 2558.00 2613.00 4208 5558
20160817 0.000000 2607.00 2626.00 2548.00 2553.00 2104 5266
20160818 0.000000 2550.00 2561.00 2531.00 2545.00 404 5190
20160819 0.000000 2607.00 2626.00 2578.00 2601.00 1244 5438
20160820 0.000000 2607.00 2626.00 2578.00 2601.00 1244 5438
20160821 0.000000 2607.00 2626.00 2578.00 2601.00 1244 5438
20160810 0.100000 2555.00 2606.00 2540.00 2563.00 3114 6858
20160812 0.100000 2548.00 2554.00 2532.00 2539.00 908 8184
20160812 0.100000 2548.00 2565.00 2461.00 2557.00 5706 6472
20160815 0.100000 2533.00 2546.00 2528.00 2541.00 492 6302
20160815 0.100000 2533.00 2574.00 2492.00 2560.00 3960 5384
20160816 0.100000 2560.00 2594.00 2558.00 2568.00 800 5124
20160816 0.000000 2560.00 2647.00 2558.00 2613.00 4208 5558
20160817 0.000000 2607.00 2626.00 2548.00 2553.00 2104 5266
20160818 0.000000 2550.00 2561.00 2531.00 2545.00 404 5190
20160819 0.000000 2607.00 2626.00 2578.00 2601.00 1244 5438
20160820 0.000000 2607.00 2626.00 2578.00 2601.00 1244 5438
20160821 0.000000 2607.00 2626.00 2578.00 2601.00 1244 5438
20160815 0.100000 2533.00 2574.00 2492.00 2560.00 3960 5384
20160816 0.100000 2560.00 2594.00 2558.00 2568.00 800 5124
20160816 0.000000 2560.00 2647.00 2558.00 2613.00 4208 5558
20160817 0.000000 2607.00 2626.00 2548.00 2553.00 2104 5266
20160818 0.000000 2550.00 2561.00 2531.00 2545.00 404 5190
20160819 0.000000 2607.00 2626.00 2578.00 2601.00 1244 5438
20160820 0.000000 2607.00 2626.00 2578.00 2601.00 1244 5438
20160821 0.000000 2607.00 2626.00 2578.00 2601.00 1244 5438